{
 "cells": [
  {
   "cell_type": "code",
   "execution_count": 47,
   "metadata": {},
   "outputs": [],
   "source": [
    "# pip install python_speech_features"
   ]
  },
  {
   "cell_type": "code",
   "execution_count": 48,
   "metadata": {
    "id": "yfQldLJCi-FE"
   },
   "outputs": [],
   "source": [
    "import numpy as np\n",
    "import scipy.io.wavfile as wav\n",
    "from python_speech_features import mfcc\n",
    "\n",
    "import os\n",
    "import pickle \n",
    "import operator"
   ]
  },
  {
   "cell_type": "code",
   "execution_count": 49,
   "metadata": {
    "id": "dPtdSnvFi-FZ"
   },
   "outputs": [],
   "source": [
    "def distance(instance1 , instance2 , k ):\n",
    "    distance =0 \n",
    "    mm1 = instance1[0] \n",
    "    cm1 = instance1[1]\n",
    "    mm2 = instance2[0]\n",
    "    cm2 = instance2[1]\n",
    "    distance = np.trace(np.dot(np.linalg.inv(cm2), cm1)) \n",
    "    distance+=(np.dot(np.dot((mm2-mm1).transpose() , np.linalg.inv(cm2)) , mm2-mm1 )) \n",
    "    distance+= np.log(np.linalg.det(cm2)) - np.log(np.linalg.det(cm1))\n",
    "    distance-= k\n",
    "    return distance"
   ]
  },
  {
   "cell_type": "code",
   "execution_count": 50,
   "metadata": {
    "id": "SAdI5yLmi-Fd"
   },
   "outputs": [],
   "source": [
    " def getNeighbors(trainingSet , instance , k):\n",
    "    distances =[]\n",
    "    for x in range (len(trainingSet)):\n",
    "        dist = distance(trainingSet[x], instance, k )+ distance(instance, trainingSet[x], k)\n",
    "        distances.append((trainingSet[x][2], dist))\n",
    "    distances.sort(key=operator.itemgetter(1))\n",
    "    neighbors = []\n",
    "    for x in range(k):\n",
    "        neighbors.append(distances[x][0])\n",
    "    return neighbors   \n"
   ]
  },
  {
   "cell_type": "code",
   "execution_count": 51,
   "metadata": {
    "id": "cC3rzhQoi-Fj"
   },
   "outputs": [],
   "source": [
    "def nearestClass(neighbors):\n",
    "    classVote = {}\n",
    "\n",
    "    for x in range(len(neighbors)):\n",
    "        response = neighbors[x]\n",
    "        if response in classVote:\n",
    "            classVote[response]+=1 \n",
    "        else:\n",
    "            classVote[response]=1\n",
    "\n",
    "    sorter = sorted(classVote.items(), key = operator.itemgetter(1), reverse=True)\n",
    "    return sorter[0][0]"
   ]
  },
  {
   "cell_type": "code",
   "execution_count": 52,
   "metadata": {
    "id": "KfHiG5gUi-Fm"
   },
   "outputs": [],
   "source": [
    "directory =\"E:/Externship/Flask/genres/archive (4)/Data/genres_original/\"\n",
    "f = open(\"my.dat\" ,'wb')\n",
    "i = 0"
   ]
  },
  {
   "cell_type": "code",
   "execution_count": 53,
   "metadata": {
    "id": "5eRAsmaMi-Fq"
   },
   "outputs": [
    {
     "name": "stdout",
     "output_type": "stream",
     "text": [
      "fo blues\n",
      "fo classical\n",
      "fo country\n",
      "fo disco\n",
      "fo hiphop\n",
      "fo jazz\n",
      "E:/Externship/Flask/genres/archive (4)/Data/genres_original/jazz/jazz.00000.wav\n",
      "E:/Externship/Flask/genres/archive (4)/Data/genres_original/jazz/jazz.00001.wav\n",
      "E:/Externship/Flask/genres/archive (4)/Data/genres_original/jazz/jazz.00002.wav\n",
      "E:/Externship/Flask/genres/archive (4)/Data/genres_original/jazz/jazz.00003.wav\n",
      "E:/Externship/Flask/genres/archive (4)/Data/genres_original/jazz/jazz.00004.wav\n",
      "E:/Externship/Flask/genres/archive (4)/Data/genres_original/jazz/jazz.00005.wav\n",
      "E:/Externship/Flask/genres/archive (4)/Data/genres_original/jazz/jazz.00006.wav\n",
      "E:/Externship/Flask/genres/archive (4)/Data/genres_original/jazz/jazz.00007.wav\n",
      "E:/Externship/Flask/genres/archive (4)/Data/genres_original/jazz/jazz.00008.wav\n",
      "E:/Externship/Flask/genres/archive (4)/Data/genres_original/jazz/jazz.00009.wav\n",
      "E:/Externship/Flask/genres/archive (4)/Data/genres_original/jazz/jazz.00010.wav\n",
      "E:/Externship/Flask/genres/archive (4)/Data/genres_original/jazz/jazz.00011.wav\n",
      "E:/Externship/Flask/genres/archive (4)/Data/genres_original/jazz/jazz.00012.wav\n",
      "E:/Externship/Flask/genres/archive (4)/Data/genres_original/jazz/jazz.00013.wav\n",
      "E:/Externship/Flask/genres/archive (4)/Data/genres_original/jazz/jazz.00014.wav\n",
      "E:/Externship/Flask/genres/archive (4)/Data/genres_original/jazz/jazz.00015.wav\n",
      "E:/Externship/Flask/genres/archive (4)/Data/genres_original/jazz/jazz.00016.wav\n",
      "E:/Externship/Flask/genres/archive (4)/Data/genres_original/jazz/jazz.00017.wav\n",
      "E:/Externship/Flask/genres/archive (4)/Data/genres_original/jazz/jazz.00018.wav\n",
      "E:/Externship/Flask/genres/archive (4)/Data/genres_original/jazz/jazz.00019.wav\n",
      "E:/Externship/Flask/genres/archive (4)/Data/genres_original/jazz/jazz.00020.wav\n",
      "E:/Externship/Flask/genres/archive (4)/Data/genres_original/jazz/jazz.00021.wav\n",
      "E:/Externship/Flask/genres/archive (4)/Data/genres_original/jazz/jazz.00022.wav\n",
      "E:/Externship/Flask/genres/archive (4)/Data/genres_original/jazz/jazz.00023.wav\n",
      "E:/Externship/Flask/genres/archive (4)/Data/genres_original/jazz/jazz.00024.wav\n",
      "E:/Externship/Flask/genres/archive (4)/Data/genres_original/jazz/jazz.00025.wav\n",
      "E:/Externship/Flask/genres/archive (4)/Data/genres_original/jazz/jazz.00026.wav\n",
      "E:/Externship/Flask/genres/archive (4)/Data/genres_original/jazz/jazz.00027.wav\n",
      "E:/Externship/Flask/genres/archive (4)/Data/genres_original/jazz/jazz.00028.wav\n",
      "E:/Externship/Flask/genres/archive (4)/Data/genres_original/jazz/jazz.00029.wav\n",
      "E:/Externship/Flask/genres/archive (4)/Data/genres_original/jazz/jazz.00030.wav\n",
      "E:/Externship/Flask/genres/archive (4)/Data/genres_original/jazz/jazz.00031.wav\n",
      "E:/Externship/Flask/genres/archive (4)/Data/genres_original/jazz/jazz.00032.wav\n",
      "E:/Externship/Flask/genres/archive (4)/Data/genres_original/jazz/jazz.00033.wav\n",
      "E:/Externship/Flask/genres/archive (4)/Data/genres_original/jazz/jazz.00034.wav\n",
      "E:/Externship/Flask/genres/archive (4)/Data/genres_original/jazz/jazz.00035.wav\n",
      "E:/Externship/Flask/genres/archive (4)/Data/genres_original/jazz/jazz.00036.wav\n",
      "E:/Externship/Flask/genres/archive (4)/Data/genres_original/jazz/jazz.00037.wav\n",
      "E:/Externship/Flask/genres/archive (4)/Data/genres_original/jazz/jazz.00038.wav\n",
      "E:/Externship/Flask/genres/archive (4)/Data/genres_original/jazz/jazz.00039.wav\n",
      "E:/Externship/Flask/genres/archive (4)/Data/genres_original/jazz/jazz.00040.wav\n",
      "E:/Externship/Flask/genres/archive (4)/Data/genres_original/jazz/jazz.00041.wav\n",
      "E:/Externship/Flask/genres/archive (4)/Data/genres_original/jazz/jazz.00042.wav\n",
      "E:/Externship/Flask/genres/archive (4)/Data/genres_original/jazz/jazz.00043.wav\n",
      "E:/Externship/Flask/genres/archive (4)/Data/genres_original/jazz/jazz.00044.wav\n",
      "E:/Externship/Flask/genres/archive (4)/Data/genres_original/jazz/jazz.00045.wav\n",
      "E:/Externship/Flask/genres/archive (4)/Data/genres_original/jazz/jazz.00046.wav\n",
      "E:/Externship/Flask/genres/archive (4)/Data/genres_original/jazz/jazz.00047.wav\n",
      "E:/Externship/Flask/genres/archive (4)/Data/genres_original/jazz/jazz.00048.wav\n",
      "E:/Externship/Flask/genres/archive (4)/Data/genres_original/jazz/jazz.00049.wav\n",
      "E:/Externship/Flask/genres/archive (4)/Data/genres_original/jazz/jazz.00050.wav\n",
      "E:/Externship/Flask/genres/archive (4)/Data/genres_original/jazz/jazz.00051.wav\n",
      "E:/Externship/Flask/genres/archive (4)/Data/genres_original/jazz/jazz.00052.wav\n",
      "E:/Externship/Flask/genres/archive (4)/Data/genres_original/jazz/jazz.00053.wav\n",
      "E:/Externship/Flask/genres/archive (4)/Data/genres_original/jazz/jazz.00055.wav\n",
      "E:/Externship/Flask/genres/archive (4)/Data/genres_original/jazz/jazz.00056.wav\n",
      "E:/Externship/Flask/genres/archive (4)/Data/genres_original/jazz/jazz.00057.wav\n",
      "E:/Externship/Flask/genres/archive (4)/Data/genres_original/jazz/jazz.00058.wav\n",
      "E:/Externship/Flask/genres/archive (4)/Data/genres_original/jazz/jazz.00059.wav\n",
      "E:/Externship/Flask/genres/archive (4)/Data/genres_original/jazz/jazz.00060.wav\n",
      "E:/Externship/Flask/genres/archive (4)/Data/genres_original/jazz/jazz.00061.wav\n",
      "E:/Externship/Flask/genres/archive (4)/Data/genres_original/jazz/jazz.00062.wav\n",
      "E:/Externship/Flask/genres/archive (4)/Data/genres_original/jazz/jazz.00063.wav\n",
      "E:/Externship/Flask/genres/archive (4)/Data/genres_original/jazz/jazz.00064.wav\n",
      "E:/Externship/Flask/genres/archive (4)/Data/genres_original/jazz/jazz.00065.wav\n",
      "E:/Externship/Flask/genres/archive (4)/Data/genres_original/jazz/jazz.00066.wav\n",
      "E:/Externship/Flask/genres/archive (4)/Data/genres_original/jazz/jazz.00067.wav\n",
      "E:/Externship/Flask/genres/archive (4)/Data/genres_original/jazz/jazz.00068.wav\n",
      "E:/Externship/Flask/genres/archive (4)/Data/genres_original/jazz/jazz.00069.wav\n",
      "E:/Externship/Flask/genres/archive (4)/Data/genres_original/jazz/jazz.00070.wav\n",
      "E:/Externship/Flask/genres/archive (4)/Data/genres_original/jazz/jazz.00071.wav\n",
      "E:/Externship/Flask/genres/archive (4)/Data/genres_original/jazz/jazz.00072.wav\n",
      "E:/Externship/Flask/genres/archive (4)/Data/genres_original/jazz/jazz.00073.wav\n",
      "E:/Externship/Flask/genres/archive (4)/Data/genres_original/jazz/jazz.00074.wav\n",
      "E:/Externship/Flask/genres/archive (4)/Data/genres_original/jazz/jazz.00075.wav\n",
      "E:/Externship/Flask/genres/archive (4)/Data/genres_original/jazz/jazz.00076.wav\n",
      "E:/Externship/Flask/genres/archive (4)/Data/genres_original/jazz/jazz.00077.wav\n",
      "E:/Externship/Flask/genres/archive (4)/Data/genres_original/jazz/jazz.00078.wav\n",
      "E:/Externship/Flask/genres/archive (4)/Data/genres_original/jazz/jazz.00079.wav\n",
      "E:/Externship/Flask/genres/archive (4)/Data/genres_original/jazz/jazz.00080.wav\n",
      "E:/Externship/Flask/genres/archive (4)/Data/genres_original/jazz/jazz.00081.wav\n",
      "E:/Externship/Flask/genres/archive (4)/Data/genres_original/jazz/jazz.00082.wav\n",
      "E:/Externship/Flask/genres/archive (4)/Data/genres_original/jazz/jazz.00083.wav\n",
      "E:/Externship/Flask/genres/archive (4)/Data/genres_original/jazz/jazz.00084.wav\n",
      "E:/Externship/Flask/genres/archive (4)/Data/genres_original/jazz/jazz.00085.wav\n",
      "E:/Externship/Flask/genres/archive (4)/Data/genres_original/jazz/jazz.00086.wav\n",
      "E:/Externship/Flask/genres/archive (4)/Data/genres_original/jazz/jazz.00087.wav\n",
      "E:/Externship/Flask/genres/archive (4)/Data/genres_original/jazz/jazz.00088.wav\n",
      "E:/Externship/Flask/genres/archive (4)/Data/genres_original/jazz/jazz.00089.wav\n",
      "E:/Externship/Flask/genres/archive (4)/Data/genres_original/jazz/jazz.00090.wav\n",
      "E:/Externship/Flask/genres/archive (4)/Data/genres_original/jazz/jazz.00091.wav\n",
      "E:/Externship/Flask/genres/archive (4)/Data/genres_original/jazz/jazz.00092.wav\n",
      "E:/Externship/Flask/genres/archive (4)/Data/genres_original/jazz/jazz.00093.wav\n",
      "E:/Externship/Flask/genres/archive (4)/Data/genres_original/jazz/jazz.00094.wav\n",
      "E:/Externship/Flask/genres/archive (4)/Data/genres_original/jazz/jazz.00095.wav\n",
      "E:/Externship/Flask/genres/archive (4)/Data/genres_original/jazz/jazz.00096.wav\n",
      "E:/Externship/Flask/genres/archive (4)/Data/genres_original/jazz/jazz.00097.wav\n",
      "E:/Externship/Flask/genres/archive (4)/Data/genres_original/jazz/jazz.00098.wav\n",
      "E:/Externship/Flask/genres/archive (4)/Data/genres_original/jazz/jazz.00099.wav\n",
      "fo metal\n",
      "fo pop\n",
      "fo reggae\n",
      "fo rock\n"
     ]
    }
   ],
   "source": [
    "for folder in os.listdir(directory):\n",
    "    #as we have 10 classes, we're starting the loop from 1 to 11\n",
    "    #so that we run the loop for total of 10 times, with each folder change (genre change),  i (label) changes. \n",
    "    i += 1\n",
    "    if i==11 :\n",
    "        break \n",
    "    print(\"fo\",folder)\n",
    "    for file in os.listdir(directory+folder):  \n",
    "        \n",
    "        #To read an Wav audio File in Python\n",
    "        (rate,sig) = wav.read(directory+folder+\"/\"+file)\n",
    "#         if directory+folder == \"E:/Externship/Flask/genres/archive (4)/Data/genres_original/jazz\":\n",
    "#             print(directory+folder+\"/\"+file)\n",
    "        #MFCC is the feature we will use for our analysis,\n",
    "        #because it provides data about the overall shape of the audio frequencies.\n",
    "        mfcc_feat = mfcc(sig,rate ,winlen=0.020, appendEnergy = False)\n",
    "        covariance = np.cov(np.matrix.transpose(mfcc_feat))\n",
    "        mean_matrix = mfcc_feat.mean(0)\n",
    "        #making a feature typle that contains the mean matrix from mfcc as well as covariance,\n",
    "        #and last variable in the feature tuple is the label (where numbers correspond to particular genre)\n",
    "        feature = (mean_matrix , covariance , i)\n",
    "        \n",
    "        #This the the created dataset, which takes the input from specified path\n",
    "        #it then stores the feature as a .dat file which can be used later without having to train all the files over it.\n",
    "        pickle.dump(feature , f)\n",
    "f.close()"
   ]
  },
  {
   "cell_type": "code",
   "execution_count": 54,
   "metadata": {
    "id": "EmbkzkPoi-Fx"
   },
   "outputs": [],
   "source": [
    "dataset = []\n",
    "def loadDataset(project):\n",
    "    with open(\"E:/Externship/Flask/my.dat\" , 'rb') as f:\n",
    "        while True:\n",
    "            try:\n",
    "                dataset.append(pickle.load(f))\n",
    "            except EOFError:\n",
    "                f.close()\n",
    "                break  \n",
    "\n",
    "loadDataset(\"E:/Externship/Flask/my.dat\")"
   ]
  },
  {
   "cell_type": "code",
   "execution_count": 55,
   "metadata": {
    "id": "NHOqCHANi-F4"
   },
   "outputs": [
    {
     "name": "stderr",
     "output_type": "stream",
     "text": [
      "C:\\Users\\vemur\\AppData\\Local\\Temp\\ipykernel_8524\\1482514004.py:1: VisibleDeprecationWarning: Creating an ndarray from ragged nested sequences (which is a list-or-tuple of lists-or-tuples-or ndarrays with different lengths or shapes) is deprecated. If you meant to do this, you must specify 'dtype=object' when creating the ndarray.\n",
      "  dataset = np.array(dataset)\n"
     ]
    },
    {
     "data": {
      "text/plain": [
       "array([[array([ 76.50261107,  -1.96141736, -15.7743469 ,   3.8314189 ,\n",
       "               -10.47332553,   1.31182833, -19.39373183,   5.28678994,\n",
       "               -16.63172467,   5.3534445 ,  -9.85657026,   6.25007663,\n",
       "                -5.58749505])                                         ,\n",
       "        array([[ 3.13643266e+01, -1.34683421e+00, -9.48272203e-01,\n",
       "                -2.05382281e+01, -1.45847814e+01, -1.72347943e+01,\n",
       "                -9.35145739e+00,  2.72034545e+00, -3.29035455e+00,\n",
       "                 1.04057336e+00,  2.32513168e+00,  6.09119695e+00,\n",
       "                 8.44732834e+00],\n",
       "               [-1.34683421e+00,  3.64751586e+01, -2.19100677e+01,\n",
       "                -1.52506981e+01, -7.71247217e+00, -1.42477860e+01,\n",
       "                -6.48177523e+00,  3.95463925e+00,  1.14509487e+00,\n",
       "                -4.30576920e+00,  9.05817993e+00,  8.98145706e+00,\n",
       "                 7.68495192e+00],\n",
       "               [-9.48272203e-01, -2.19100677e+01,  7.63578328e+01,\n",
       "                 1.69425823e+01, -2.67611115e+01, -2.71149039e+00,\n",
       "                 1.99049253e+01,  1.64116110e+01, -1.31355709e+01,\n",
       "                 1.53609455e+01, -1.31293962e+01, -7.47897696e+00,\n",
       "                -1.43408653e+01],\n",
       "               [-2.05382281e+01, -1.52506981e+01,  1.69425823e+01,\n",
       "                 8.81632650e+01,  4.12699446e+01,  3.87264439e+01,\n",
       "                 4.90998334e+00, -2.16976433e+01,  1.60594008e+01,\n",
       "                -1.25872911e+01, -1.02448062e+01, -1.43945987e+01,\n",
       "                -6.84916335e+00],\n",
       "               [-1.45847814e+01, -7.71247217e+00, -2.67611115e+01,\n",
       "                 4.12699446e+01,  1.19321523e+02,  4.66003407e+01,\n",
       "                -1.92208642e+01, -3.94618140e+01,  1.66051267e+01,\n",
       "                -1.69172614e+01, -8.78168305e+00, -5.58281414e+00,\n",
       "                 3.78669608e+00],\n",
       "               [-1.72347943e+01, -1.42477860e+01, -2.71149039e+00,\n",
       "                 3.87264439e+01,  4.66003407e+01,  9.60482987e+01,\n",
       "                 8.98961628e+00, -3.43591422e+01,  1.84438295e+01,\n",
       "                -8.45766070e+00, -5.85733348e+00, -5.44735154e+00,\n",
       "                -2.11745850e-02],\n",
       "               [-9.35145739e+00, -6.48177523e+00,  1.99049253e+01,\n",
       "                 4.90998334e+00, -1.92208642e+01,  8.98961628e+00,\n",
       "                 8.63132389e+01,  4.28379412e+01,  1.75222620e+01,\n",
       "                -1.04685593e+01, -2.84250646e-01, -1.20036343e+01,\n",
       "                -1.45231172e+01],\n",
       "               [ 2.72034545e+00,  3.95463925e+00,  1.64116110e+01,\n",
       "                -2.16976433e+01, -3.94618140e+01, -3.43591422e+01,\n",
       "                 4.28379412e+01,  1.22790755e+02,  2.20687087e+01,\n",
       "                 1.45781380e+00, -1.27295942e+01,  4.03984963e+00,\n",
       "                -1.29953309e+01],\n",
       "               [-3.29035455e+00,  1.14509487e+00, -1.31355709e+01,\n",
       "                 1.60594008e+01,  1.66051267e+01,  1.84438295e+01,\n",
       "                 1.75222620e+01,  2.20687087e+01,  1.09824146e+02,\n",
       "                 3.38342116e+00, -1.36512426e+01, -2.12526426e+01,\n",
       "                -3.84348934e+00],\n",
       "               [ 1.04057336e+00, -4.30576920e+00,  1.53609455e+01,\n",
       "                -1.25872911e+01, -1.69172614e+01, -8.45766070e+00,\n",
       "                -1.04685593e+01,  1.45781380e+00,  3.38342116e+00,\n",
       "                 9.94008340e+01,  2.47510682e+01, -1.43565213e+01,\n",
       "                -1.48316190e+01],\n",
       "               [ 2.32513168e+00,  9.05817993e+00, -1.31293962e+01,\n",
       "                -1.02448062e+01, -8.78168305e+00, -5.85733348e+00,\n",
       "                -2.84250646e-01, -1.27295942e+01, -1.36512426e+01,\n",
       "                 2.47510682e+01,  7.78045086e+01,  2.89174482e+01,\n",
       "                 2.25119526e+00],\n",
       "               [ 6.09119695e+00,  8.98145706e+00, -7.47897696e+00,\n",
       "                -1.43945987e+01, -5.58281414e+00, -5.44735154e+00,\n",
       "                -1.20036343e+01,  4.03984963e+00, -2.12526426e+01,\n",
       "                -1.43565213e+01,  2.89174482e+01,  9.23654698e+01,\n",
       "                 2.92826066e+01],\n",
       "               [ 8.44732834e+00,  7.68495192e+00, -1.43408653e+01,\n",
       "                -6.84916335e+00,  3.78669608e+00, -2.11745850e-02,\n",
       "                -1.45231172e+01, -1.29953309e+01, -3.84348934e+00,\n",
       "                -1.48316190e+01,  2.25119526e+00,  2.92826066e+01,\n",
       "                 6.46507617e+01]])                                , 1],\n",
       "       [array([ 66.93164965,   0.71885345,  -3.26783036,   4.18120038,\n",
       "                -8.05094092,   6.4482592 , -17.76851742,  14.09181008,\n",
       "               -18.33253624,   3.68556046, -10.55074362,   2.88748511,\n",
       "                -7.78808286])                                         ,\n",
       "        array([[107.79187315, -31.41110033,  -9.22698714, -58.2604521 ,\n",
       "                -26.47249497, -32.54536346, -49.98443347,  15.73243236,\n",
       "                -17.98625091,  11.68895105,  25.22345732,   9.21246259,\n",
       "                  2.06370737],\n",
       "               [-31.41110033,  67.24066775, -27.33646206,   2.99181433,\n",
       "                 -1.56782767,   5.71153147,  28.79682267, -15.11618225,\n",
       "                 13.93898012, -21.12518659,  -6.02999789,   0.8215573 ,\n",
       "                  0.35850908],\n",
       "               [ -9.22698714, -27.33646206, 162.0214623 ,  12.28739935,\n",
       "                -24.64214157,  44.25096999, -12.97002892,  14.05913759,\n",
       "                -26.96955285,  15.68387893, -22.19458709,   8.72633776,\n",
       "                 15.43161094],\n",
       "               [-58.2604521 ,   2.99181433,  12.28739935, 157.55731366,\n",
       "                 77.41096632,  40.12079458,  49.67785321, -28.11579524,\n",
       "                 30.49713692,  15.72651887, -14.44511324, -32.10092369,\n",
       "                  3.40933919],\n",
       "               [-26.47249497,  -1.56782767, -24.64214157,  77.41096632,\n",
       "                167.17978901,  37.47847025,  28.76081374, -51.7603851 ,\n",
       "                 13.40189533,  11.38940062, -13.75716966, -30.82891593,\n",
       "                -16.02680608],\n",
       "               [-32.54536346,   5.71153147,  44.25096999,  40.12079458,\n",
       "                 37.47847025, 115.06735897,  42.68914981,  -7.32248596,\n",
       "                  8.22168575,  14.05386632, -12.44864647,   8.69349948,\n",
       "                -13.01375443],\n",
       "               [-49.98443347,  28.79682267, -12.97002892,  49.67785321,\n",
       "                 28.76081374,  42.68914981, 155.99694188,  15.48613831,\n",
       "                 38.70165786, -16.23456958, -15.93331578, -17.24508937,\n",
       "                 18.47661453],\n",
       "               [ 15.73243236, -15.11618225,  14.05913759, -28.11579524,\n",
       "                -51.7603851 ,  -7.32248596,  15.48613831, 135.00495334,\n",
       "                 34.68062285,  12.59111087,  14.06333151,  29.67414916,\n",
       "                 11.60317841],\n",
       "               [-17.98625091,  13.93898012, -26.96955285,  30.49713692,\n",
       "                 13.40189533,   8.22168575,  38.70165786,  34.68062285,\n",
       "                131.91314628,  26.81325948,   7.17901938,   3.27773544,\n",
       "                 -3.78894116],\n",
       "               [ 11.68895105, -21.12518659,  15.68387893,  15.72651887,\n",
       "                 11.38940062,  14.05386632, -16.23456958,  12.59111087,\n",
       "                 26.81325948, 134.38610592,  35.97772425,  12.20430025,\n",
       "                -17.73873436],\n",
       "               [ 25.22345732,  -6.02999789, -22.19458709, -14.44511324,\n",
       "                -13.75716966, -12.44864647, -15.93331578,  14.06333151,\n",
       "                  7.17901938,  35.97772425,  94.64061016,  36.40653459,\n",
       "                 -8.66584547],\n",
       "               [  9.21246259,   0.8215573 ,   8.72633776, -32.10092369,\n",
       "                -30.82891593,   8.69349948, -17.24508937,  29.67414916,\n",
       "                  3.27773544,  12.20430025,  36.40653459, 128.34353639,\n",
       "                 18.41032842],\n",
       "               [  2.06370737,   0.35850908,  15.43161094,   3.40933919,\n",
       "                -16.02680608, -13.01375443,  18.47661453,  11.60317841,\n",
       "                 -3.78894116, -17.73873436,  -8.66584547,  18.41032842,\n",
       "                 90.76287616]])                                        ,\n",
       "        1],\n",
       "       [array([ 78.77410313,   3.03970009, -19.02443546,  -0.98359072,\n",
       "               -14.69933663,   7.58656179, -12.82305324,   1.89292009,\n",
       "               -14.86532614,   3.59525225, -13.96170466,   1.06610239,\n",
       "                -6.19668495])                                         ,\n",
       "        array([[ 41.92951883, -21.58695776, -30.46497587, -18.57853128,\n",
       "                 -6.40815956,  -1.8642102 , -11.32159752,  -1.37447283,\n",
       "                 -9.15072495,  13.76764054,  14.23814557,   3.91138108,\n",
       "                 -5.20882787],\n",
       "               [-21.58695776,  54.4607802 ,  -5.15166401, -12.6512746 ,\n",
       "                  4.23896013,  -8.98585687,   9.59230456,   1.57109396,\n",
       "                 15.51194116,  -9.74487442,   3.79669053,   5.86146118,\n",
       "                  9.17593074],\n",
       "               [-30.46497587,  -5.15166401,  96.15432665,  33.45484386,\n",
       "                -11.72182013,   4.25840338,   7.51040957,  21.61256631,\n",
       "                 -0.20511237,  -8.42870284, -23.15910719,  -2.55962815,\n",
       "                  0.33445453],\n",
       "               [-18.57853128, -12.6512746 ,  33.45484386,  94.00232407,\n",
       "                 -8.93550096,  -3.65261218,  -9.92016534, -23.16422089,\n",
       "                 -8.93238061,  -4.29405519, -12.23430352, -30.08420478,\n",
       "                 19.96970346],\n",
       "               [ -6.40815956,   4.23896013, -11.72182013,  -8.93550096,\n",
       "                105.64385213,  25.77920757,  -3.37386238, -16.18192954,\n",
       "                  7.347486  ,   5.39169885,  -8.89412566,  16.96125993,\n",
       "                -18.08772046],\n",
       "               [ -1.8642102 ,  -8.98585687,   4.25840338,  -3.65261218,\n",
       "                 25.77920757,  68.87964726,  17.85631665,  -4.16367623,\n",
       "                 -5.36675643,  -0.69566181,  -3.92912166,  10.64608317,\n",
       "                 -6.62778274],\n",
       "               [-11.32159752,   9.59230456,   7.51040957,  -9.92016534,\n",
       "                 -3.37386238,  17.85631665, 107.06448739,  58.20072356,\n",
       "                  1.40011697, -23.99673849, -11.73409327,  11.9017315 ,\n",
       "                 -2.01612152],\n",
       "               [ -1.37447283,   1.57109396,  21.61256631, -23.16422089,\n",
       "                -16.18192954,  -4.16367623,  58.20072356, 153.91726632,\n",
       "                 35.17023079, -15.63544649, -14.43344395,  29.30532647,\n",
       "                -12.89032603],\n",
       "               [ -9.15072495,  15.51194116,  -0.20511237,  -8.93238061,\n",
       "                  7.347486  ,  -5.36675643,   1.40011697,  35.17023079,\n",
       "                100.76699209,  13.34394477,  -7.6273575 ,   9.46125164,\n",
       "                 -3.70212554],\n",
       "               [ 13.76764054,  -9.74487442,  -8.42870284,  -4.29405519,\n",
       "                  5.39169885,  -0.69566181, -23.99673849, -15.63544649,\n",
       "                 13.34394477,  95.74558389,  40.84254966, -11.07948179,\n",
       "                 -3.86240424],\n",
       "               [ 14.23814557,   3.79669053, -23.15910719, -12.23430352,\n",
       "                 -8.89412566,  -3.92912166, -11.73409327, -14.43344395,\n",
       "                 -7.6273575 ,  40.84254966,  97.82738255,   7.67141492,\n",
       "                  0.22152062],\n",
       "               [  3.91138108,   5.86146118,  -2.55962815, -30.08420478,\n",
       "                 16.96125993,  10.64608317,  11.9017315 ,  29.30532647,\n",
       "                  9.46125164, -11.07948179,   7.67141492,  98.27367412,\n",
       "                 -9.62411289],\n",
       "               [ -5.20882787,   9.17593074,   0.33445453,  19.96970346,\n",
       "                -18.08772046,  -6.62778274,  -2.01612152, -12.89032603,\n",
       "                 -3.70212554,  -3.86240424,   0.22152062,  -9.62411289,\n",
       "                 83.77725151]])                                        ,\n",
       "        1],\n",
       "       ...,\n",
       "       [array([ 75.55902537,  -5.65825035, -24.03293319,   9.40420939,\n",
       "                -9.3829197 ,   0.40367446, -12.09098648,   4.00981863,\n",
       "               -16.15807434,  -1.94049487, -15.79992814,   4.58426485,\n",
       "                -9.70777436])                                         ,\n",
       "        array([[ 18.18242292, -15.896549  ,  -7.10291089, -14.93224551,\n",
       "                 -3.68446935,  -0.38475704,   3.0246008 ,   7.33749449,\n",
       "                 -4.71550408,  14.30034437,   7.29722965,  -0.74283163,\n",
       "                -11.82593232],\n",
       "               [-15.896549  ,  43.09770551, -17.02015242,  11.3458146 ,\n",
       "                  3.82162381, -11.2162643 ,   7.33716962,  -0.10004922,\n",
       "                 13.66495775,  -6.12477197,   1.22962222,  -4.27370896,\n",
       "                  7.79119241],\n",
       "               [ -7.10291089, -17.02015242,  58.30607189,   6.30428268,\n",
       "                 -2.74805612,  22.00919451,  -8.10968455,  -3.25483888,\n",
       "                 -4.0195157 ,  -8.94457053,  -4.34181177,  12.18018977,\n",
       "                 10.63510706],\n",
       "               [-14.93224551,  11.3458146 ,   6.30428268,  63.89141378,\n",
       "                 18.21524886,   2.99973303, -17.4758204 ,  -8.6153808 ,\n",
       "                 11.49337908, -12.42207968, -14.26288409,   5.05317111,\n",
       "                 24.93695463],\n",
       "               [ -3.68446935,   3.82162381,  -2.74805612,  18.21524886,\n",
       "                 51.93611538,  -0.50367932,  -3.5393118 ,   1.6160288 ,\n",
       "                  2.47092359,   6.87333364,   1.5737118 ,  -3.63547909,\n",
       "                 -1.58881467],\n",
       "               [ -0.38475704, -11.2162643 ,  22.00919451,   2.99973303,\n",
       "                 -0.50367932,  63.25422182,  22.35262004,   0.41167411,\n",
       "                 -4.61254445,  -5.25697578,   0.45853623,  12.52999406,\n",
       "                  6.65892534],\n",
       "               [  3.0246008 ,   7.33716962,  -8.10968455, -17.4758204 ,\n",
       "                 -3.5393118 ,  22.35262004,  71.24964669,  11.41155285,\n",
       "                  5.4920364 ,   3.25879128,   7.68161976,   5.96377239,\n",
       "                 -5.07666233],\n",
       "               [  7.33749449,  -0.10004922,  -3.25483888,  -8.6153808 ,\n",
       "                  1.6160288 ,   0.41167411,  11.41155285,  57.63995512,\n",
       "                 10.1563721 ,   1.35406983,   3.67099901,  -4.68944947,\n",
       "                 -5.20342265],\n",
       "               [ -4.71550408,  13.66495775,  -4.0195157 ,  11.49337908,\n",
       "                  2.47092359,  -4.61254445,   5.4920364 ,  10.1563721 ,\n",
       "                 58.89472635,  10.26744893,   2.4219482 ,  -1.97666255,\n",
       "                  7.41592648],\n",
       "               [ 14.30034437,  -6.12477197,  -8.94457053, -12.42207968,\n",
       "                  6.87333364,  -5.25697578,   3.25879128,   1.35406983,\n",
       "                 10.26744893,  93.69964823,  29.18225484,  -1.09889218,\n",
       "                -17.3069184 ],\n",
       "               [  7.29722965,   1.22962222,  -4.34181177, -14.26288409,\n",
       "                  1.5737118 ,   0.45853623,   7.68161976,   3.67099901,\n",
       "                  2.4219482 ,  29.18225484,  64.27718828,  14.85955393,\n",
       "                 -7.59486735],\n",
       "               [ -0.74283163,  -4.27370896,  12.18018977,   5.05317111,\n",
       "                 -3.63547909,  12.52999406,   5.96377239,  -4.68944947,\n",
       "                 -1.97666255,  -1.09889218,  14.85955393,  58.88740751,\n",
       "                 20.00332725],\n",
       "               [-11.82593232,   7.79119241,  10.63510706,  24.93695463,\n",
       "                 -1.58881467,   6.65892534,  -5.07666233,  -5.20342265,\n",
       "                  7.41592648, -17.3069184 ,  -7.59486735,  20.00332725,\n",
       "                 71.11543392]])                                        ,\n",
       "        10],\n",
       "       [array([ 65.61635033,   2.29033869, -10.02087857,  15.96720954,\n",
       "                 0.4755848 ,   3.19351179, -19.00169819,   4.45253447,\n",
       "               -15.41160875,   7.7304258 , -14.62818548,   3.26722409,\n",
       "               -12.53468814])                                         ,\n",
       "        array([[122.25111662, -35.56627503, -71.10503358, -29.1772703 ,\n",
       "                 17.25185311,  38.59836584,  14.54762852,   9.59729499,\n",
       "                 14.03188454,  28.31539489,  12.32530138,  18.444008  ,\n",
       "                 -3.15130682],\n",
       "               [-35.56627503,  55.47618568,  -3.47852992,  -7.13606079,\n",
       "                  1.89861456, -23.63649152,  13.817263  ,   8.86907881,\n",
       "                 -5.14673875,  -4.76639442,   9.58815179,  -4.07703445,\n",
       "                  1.50418863],\n",
       "               [-71.10503358,  -3.47852992, 108.89844495,  33.9669163 ,\n",
       "                -24.66392581,   4.1140585 , -12.02235139,  -5.04819323,\n",
       "                -14.07730414, -28.10031417, -23.31162392, -13.30062668,\n",
       "                  4.54973814],\n",
       "               [-29.1772703 ,  -7.13606079,  33.9669163 ,  69.61920233,\n",
       "                 27.92117556,   0.68281137, -42.22987596, -16.10685664,\n",
       "                  8.49978262,  -5.4146836 , -24.91890572, -16.29221144,\n",
       "                 10.17058032],\n",
       "               [ 17.25185311,   1.89861456, -24.66392581,  27.92117556,\n",
       "                 98.72297833,  23.39852772, -39.77497796,  -9.73953583,\n",
       "                 21.43121102,   0.69669289, -13.21541215, -18.24197457,\n",
       "                  0.98402842],\n",
       "               [ 38.59836584, -23.63649152,   4.1140585 ,   0.68281137,\n",
       "                 23.39852772, 107.07876691,  25.69103003,  -3.58697408,\n",
       "                  3.53288623,  -0.46496189,  -0.89178294,   1.71407009,\n",
       "                 -5.43507578],\n",
       "               [ 14.54762852,  13.817263  , -12.02235139, -42.22987596,\n",
       "                -39.77497796,  25.69103003, 144.38010249,  43.61736013,\n",
       "                 -9.97402425,   6.11107081,  34.27331068,  39.80406684,\n",
       "                 -3.54484477],\n",
       "               [  9.59729499,   8.86907881,  -5.04819323, -16.10685664,\n",
       "                 -9.73953583,  -3.58697408,  43.61736013,  94.98953311,\n",
       "                 25.48565852, -16.23784785,  16.21011377,  23.60649347,\n",
       "                  6.50995359],\n",
       "               [ 14.03188454,  -5.14673875, -14.07730414,   8.49978262,\n",
       "                 21.43121102,   3.53288623,  -9.97402425,  25.48565852,\n",
       "                 99.575515  ,  27.19082522, -11.28887314,  -4.60264698,\n",
       "                  6.58082238],\n",
       "               [ 28.31539489,  -4.76639442, -28.10031417,  -5.4146836 ,\n",
       "                  0.69669289,  -0.46496189,   6.11107081, -16.23784785,\n",
       "                 27.19082522, 105.88727025,  11.26824998,   2.64056686,\n",
       "                  0.61135425],\n",
       "               [ 12.32530138,   9.58815179, -23.31162392, -24.91890572,\n",
       "                -13.21541215,  -0.89178294,  34.27331068,  16.21011377,\n",
       "                -11.28887314,  11.26824998, 100.13896546,  36.02387747,\n",
       "                 -7.09641383],\n",
       "               [ 18.444008  ,  -4.07703445, -13.30062668, -16.29221144,\n",
       "                -18.24197457,   1.71407009,  39.80406684,  23.60649347,\n",
       "                 -4.60264698,   2.64056686,  36.02387747,  83.26612912,\n",
       "                 21.9819184 ],\n",
       "               [ -3.15130682,   1.50418863,   4.54973814,  10.17058032,\n",
       "                  0.98402842,  -5.43507578,  -3.54484477,   6.50995359,\n",
       "                  6.58082238,   0.61135425,  -7.09641383,  21.9819184 ,\n",
       "                 72.03303416]])                                        ,\n",
       "        10],\n",
       "       [array([ 65.8878602 ,   1.20243799, -15.65300447,   9.13743547,\n",
       "                -5.63116739,   6.63157438,  -9.17150784,   5.31948596,\n",
       "               -12.85501962,   9.33670177,  -5.47233043,   6.3152848 ,\n",
       "               -15.40720607])                                         ,\n",
       "        array([[ 82.45208072, -78.48347185, -65.79196127,   8.14888424,\n",
       "                -13.24404467,  -1.47596162, -28.76394202,   3.17409845,\n",
       "                 -7.7266519 ,  15.58920197,  -6.9924803 ,  12.46773031,\n",
       "                 17.46582056],\n",
       "               [-78.48347185, 103.32137501,  42.81593589, -26.55003983,\n",
       "                  1.35737792, -19.29198704,  36.19919277,  -5.41647976,\n",
       "                  8.18334609,  -8.77736842,  20.43782848, -14.31894329,\n",
       "                -23.33771922],\n",
       "               [-65.79196127,  42.81593589, 114.56661863,  13.03672767,\n",
       "                 -2.30504257, -15.73869831,   4.21668427,  -9.60216018,\n",
       "                -10.77743446, -13.29177223, -14.32838794,  -5.9586291 ,\n",
       "                 -4.17779231],\n",
       "               [  8.14888424, -26.55003983,  13.03672767,  69.95900415,\n",
       "                  9.81494532,  -1.74764621, -44.6233195 ,  -3.74868597,\n",
       "                 -0.31314729,  -5.99477947, -28.39086151,  11.07106526,\n",
       "                 32.83183556],\n",
       "               [-13.24404467,   1.35737792,  -2.30504257,   9.81494532,\n",
       "                 77.51207094,  38.4025656 , -10.32689863,  -7.19228521,\n",
       "                 16.72601627,  -7.43272161, -13.96718248, -16.98818582,\n",
       "                  9.43131704],\n",
       "               [ -1.47596162, -19.29198704, -15.73869831,  -1.74764621,\n",
       "                 38.4025656 , 121.94681409,  11.39364461,   8.83849341,\n",
       "                  6.57051749,  -9.44072932,  -1.51686201, -14.43153021,\n",
       "                  2.2229559 ],\n",
       "               [-28.76394202,  36.19919277,   4.21668427, -44.6233195 ,\n",
       "                -10.32689863,  11.39364461, 110.28029973,  26.14283487,\n",
       "                  3.54921554,  -7.41088343,  26.02573459,  -8.58746673,\n",
       "                -39.46044368],\n",
       "               [  3.17409845,  -5.41647976,  -9.60216018,  -3.74868597,\n",
       "                 -7.19228521,   8.83849341,  26.14283487,  85.91432852,\n",
       "                 34.56603635, -15.87549891, -12.18110687,  -1.55721036,\n",
       "                 10.58602401],\n",
       "               [ -7.7266519 ,   8.18334609, -10.77743446,  -0.31314729,\n",
       "                 16.72601627,   6.57051749,   3.54921554,  34.56603635,\n",
       "                 77.93403966,   4.98287818,  -2.70602422,  -4.10514747,\n",
       "                  6.52876983],\n",
